DBRep_DrawableShape

CASCADE Topology V3, (c) Open Cascade
Locations 0
Curve2ds 72
1 0.00067499999999999971 3.999999999999999e-06 -0.09801714032956034 0.99518472667219693 
1 0.00067499999999999971 3.999999999999999e-06 -0.09801714032956034 0.99518472667219693 
1 0.00067498078528040292 4.1950903220161276e-06 -0.29028467725446333 0.9569403357322086 
1 0.00067498078528040292 4.1950903220161276e-06 -0.29028467725446333 0.9569403357322086 
1 0.00067492387953251097 4.3826834323650886e-06 -0.47139673682599681 0.88192126434835549 
1 0.00067492387953251097 4.3826834323650886e-06 -0.47139673682599681 0.88192126434835549 
1 0.00067483146961230226 4.5555702330196012e-06 -0.63439328416364604 0.77301045336273655 
1 0.00067483146961230226 4.5555702330196012e-06 -0.63439328416364604 0.77301045336273655 
1 0.0006747071067811863 4.7071067811865464e-06 -0.77301045336273622 0.63439328416364638 
1 0.0006747071067811863 4.7071067811865464e-06 -0.77301045336273622 0.63439328416364638 
1 0.0006745555702330193 4.8314696123025446e-06 -0.88192126434835627 0.47139673682599537 
1 0.0006745555702330193 4.8314696123025446e-06 -0.88192126434835627 0.47139673682599537 
1 0.0006743826834323648 4.9238795325112855e-06 -0.95694033573220916 0.29028467725446155 
1 0.0006743826834323648 4.9238795325112855e-06 -0.95694033573220916 0.29028467725446155 
1 0.00067419509032201586 4.980785280403229e-06 -0.99518472667219682 0.098017140329561617 
1 0.00067419509032201586 4.980785280403229e-06 -0.99518472667219682 0.098017140329561617 
1 0.00067399999999999969 4.9999999999999987e-06 -1 0 
1 0.00067399999999999969 4.9999999999999987e-06 -1 0 
1 -0.00067400000000000023 4.9999999999999987e-06 -0.99518472667219393 -0.098017140329591329 
1 -0.00067400000000000023 4.9999999999999987e-06 -0.99518472667219393 -0.098017140329591329 
1 -0.0006741950903220163 4.980785280403229e-06 -0.95694033573224535 -0.29028467725434232 
1 -0.0006741950903220163 4.980785280403229e-06 -0.95694033573224535 -0.29028467725434232 
1 -0.00067438268343236534 4.9238795325112855e-06 -0.88192126434834228 -0.47139673682602162 
1 -0.00067438268343236534 4.9238795325112855e-06 -0.88192126434834228 -0.47139673682602162 
1 -0.00067455557023301984 4.8314696123025446e-06 -0.77301045336262453 -0.6343932841637826 
1 -0.00067455557023301984 4.8314696123025446e-06 -0.77301045336262453 -0.6343932841637826 
1 -0.00067470710678118673 4.7071067811865464e-06 -0.63439328416384833 -0.77301045336257046 
1 -0.00067470710678118673 4.7071067811865464e-06 -0.63439328416384833 -0.77301045336257046 
1 -0.0006748314696123028 4.5555702330196012e-06 -0.4713967368263039 -0.8819212643481914 
1 -0.0006748314696123028 4.5555702330196012e-06 -0.4713967368263039 -0.8819212643481914 
1 -0.00067492387953251162 4.3826834323650886e-06 -0.29028467725402585 -0.95694033573234127 
1 -0.00067492387953251162 4.3826834323650886e-06 -0.29028467725402585 -0.95694033573234127 
1 -0.00067498078528040347 4.1950903220161268e-06 -0.098017140329095379 -0.99518472667224278 
1 -0.00067498078528040347 4.1950903220161268e-06 -0.098017140329095379 -0.99518472667224278 
1 -0.00067500000000000014 3.999999999999999e-06 0 -1 
1 -0.00067500000000000014 3.999999999999999e-06 0 -1 
1 -0.00067500000000000014 -3.999999999999999e-06 0.098017140329095379 -0.99518472667224278 
1 -0.00067500000000000014 -3.999999999999999e-06 0.098017140329095379 -0.99518472667224278 
1 -0.00067498078528040347 -4.1950903220161268e-06 0.29028467725402585 -0.95694033573234127 
1 -0.00067498078528040347 -4.1950903220161268e-06 0.29028467725402585 -0.95694033573234127 
1 -0.00067492387953251162 -4.3826834323650886e-06 0.4713967368263039 -0.8819212643481914 
1 -0.00067492387953251162 -4.3826834323650886e-06 0.4713967368263039 -0.8819212643481914 
1 -0.0006748314696123028 -4.5555702330196012e-06 0.63439328416384833 -0.77301045336257046 
1 -0.0006748314696123028 -4.5555702330196012e-06 0.63439328416384833 -0.77301045336257046 
1 -0.00067470710678118673 -4.7071067811865464e-06 0.77301045336262453 -0.6343932841637826 
1 -0.00067470710678118673 -4.7071067811865464e-06 0.77301045336262453 -0.6343932841637826 
1 -0.00067455557023301984 -4.8314696123025446e-06 0.88192126434834228 -0.47139673682602162 
1 -0.00067455557023301984 -4.8314696123025446e-06 0.88192126434834228 -0.47139673682602162 
1 -0.00067438268343236534 -4.9238795325112855e-06 0.95694033573224535 -0.29028467725434232 
1 -0.00067438268343236534 -4.9238795325112855e-06 0.95694033573224535 -0.29028467725434232 
1 -0.0006741950903220163 -4.980785280403229e-06 0.99518472667219393 -0.098017140329591329 
1 -0.0006741950903220163 -4.980785280403229e-06 0.99518472667219393 -0.098017140329591329 
1 -0.00067400000000000023 -4.9999999999999987e-06 1 0 
1 -0.00067400000000000023 -4.9999999999999987e-06 1 0 
1 0.00067399999999999969 -4.9999999999999987e-06 0.99518472667219682 0.098017140329561409 
1 0.00067399999999999969 -4.9999999999999987e-06 0.99518472667219682 0.098017140329561409 
1 0.00067419509032201586 -4.980785280403229e-06 0.95694033573220916 0.29028467725446139 
1 0.00067419509032201586 -4.980785280403229e-06 0.95694033573220916 0.29028467725446139 
1 0.0006743826834323648 -4.9238795325112855e-06 0.88192126434835594 0.47139673682599603 
1 0.0006743826834323648 -4.9238795325112855e-06 0.88192126434835594 0.47139673682599603 
1 0.0006745555702330193 -4.8314696123025446e-06 0.77301045336273622 0.63439328416364638 
1 0.0006745555702330193 -4.8314696123025446e-06 0.77301045336273622 0.63439328416364638 
1 0.0006747071067811863 -4.7071067811865464e-06 0.63439328416364571 0.77301045336273688 
1 0.0006747071067811863 -4.7071067811865464e-06 0.63439328416364571 0.77301045336273688 
1 0.00067483146961230226 -4.5555702330196012e-06 0.47139673682599681 0.88192126434835549 
1 0.00067483146961230226 -4.5555702330196012e-06 0.47139673682599681 0.88192126434835549 
1 0.00067492387953251097 -4.3826834323650886e-06 0.29028467725446278 0.95694033573220882 
1 0.00067492387953251097 -4.3826834323650886e-06 0.29028467725446278 0.95694033573220882 
1 0.00067498078528040292 -4.1950903220161276e-06 0.09801714032956034 0.99518472667219693 
1 0.00067498078528040292 -4.1950903220161276e-06 0.09801714032956034 0.99518472667219693 
1 0.00067499999999999971 -3.999999999999999e-06 0 1 
1 0.00067499999999999971 -3.999999999999999e-06 0 1 
Curves 108
1 0 3.999999999999999e-06 0 0 0 1 
1 1.9214719596769536e-08 4.1950903220161276e-06 0 0 0 1 
1 0 3.999999999999999e-06 0 0.098017140329560326 0.99518472667219682 0 
1 0 3.999999999999999e-06 1.0000000000000001e-05 0.098017140329560326 0.99518472667219682 0 
1 7.6120467488713257e-08 4.3826834323650886e-06 0 0 0 1 
1 1.9214719596769536e-08 4.1950903220161276e-06 0 0.29028467725446327 0.95694033573220849 0 
1 1.9214719596769536e-08 4.1950903220161276e-06 1.0000000000000001e-05 0.29028467725446327 0.95694033573220849 0 
1 1.6853038769745462e-07 4.5555702330196012e-06 0 0 0 1 
1 7.6120467488713257e-08 4.3826834323650886e-06 0 0.47139673682599681 0.88192126434835549 0 
1 7.6120467488713257e-08 4.3826834323650886e-06 1.0000000000000001e-05 0.47139673682599681 0.88192126434835549 0 
1 2.9289321881345248e-07 4.7071067811865464e-06 0 0 0 1 
1 1.6853038769745462e-07 4.5555702330196012e-06 0 0.63439328416364604 0.77301045336273655 0 
1 1.6853038769745462e-07 4.5555702330196012e-06 1.0000000000000001e-05 0.63439328416364604 0.77301045336273655 0 
1 4.4442976698039798e-07 4.8314696123025446e-06 0 0 0 1 
1 2.9289321881345248e-07 4.7071067811865464e-06 0 0.77301045336273622 0.63439328416364638 0 
1 2.9289321881345248e-07 4.7071067811865464e-06 1.0000000000000001e-05 0.77301045336273622 0.63439328416364638 0 
1 6.1731656763491023e-07 4.9238795325112855e-06 0 0 0 1 
1 4.4442976698039798e-07 4.8314696123025446e-06 0 0.88192126434835627 0.47139673682599537 0 
1 4.4442976698039798e-07 4.8314696123025446e-06 1.0000000000000001e-05 0.88192126434835627 0.47139673682599537 0 
1 8.0490967798387172e-07 4.980785280403229e-06 0 0 0 1 
1 6.1731656763491023e-07 4.9238795325112855e-06 0 0.95694033573220905 0.2902846772544615 0 
1 6.1731656763491023e-07 4.9238795325112855e-06 1.0000000000000001e-05 0.95694033573220905 0.2902846772544615 0 
1 9.9999999999999995e-07 4.9999999999999987e-06 0 0 0 1 
1 8.0490967798387172e-07 4.980785280403229e-06 0 0.99518472667219682 0.098017140329561617 0 
1 8.0490967798387172e-07 4.980785280403229e-06 1.0000000000000001e-05 0.99518472667219682 0.098017140329561617 0 
1 0.0013489999999999999 4.9999999999999987e-06 0 0 0 1 
1 9.9999999999999995e-07 4.9999999999999987e-06 0 1 0 0 
1 9.9999999999999995e-07 4.9999999999999987e-06 1.0000000000000001e-05 1 0 0 
1 0.001349195090322016 4.980785280403229e-06 0 0 0 1 
1 0.0013489999999999999 4.9999999999999987e-06 0 0.99518472667219393 -0.098017140329591329 0 
1 0.0013489999999999999 4.9999999999999987e-06 1.0000000000000001e-05 0.99518472667219393 -0.098017140329591329 0 
1 0.0013493826834323651 4.9238795325112855e-06 0 0 0 1 
1 0.001349195090322016 4.980785280403229e-06 0 0.95694033573224524 -0.29028467725434226 0 
1 0.001349195090322016 4.980785280403229e-06 1.0000000000000001e-05 0.95694033573224524 -0.29028467725434226 0 
1 0.0013495555702330196 4.8314696123025446e-06 0 0 0 1 
1 0.0013493826834323651 4.9238795325112855e-06 0 0.88192126434834217 -0.47139673682602157 0 
1 0.0013493826834323651 4.9238795325112855e-06 1.0000000000000001e-05 0.88192126434834217 -0.47139673682602157 0 
1 0.0013497071067811864 4.7071067811865464e-06 0 0 0 1 
1 0.0013495555702330196 4.8314696123025446e-06 0 0.77301045336262442 -0.63439328416378249 0 
1 0.0013495555702330196 4.8314696123025446e-06 1.0000000000000001e-05 0.77301045336262442 -0.63439328416378249 0 
1 0.0013498314696123025 4.5555702330196012e-06 0 0 0 1 
1 0.0013497071067811864 4.7071067811865464e-06 0 0.63439328416384833 -0.77301045336257046 0 
1 0.0013497071067811864 4.7071067811865464e-06 1.0000000000000001e-05 0.63439328416384833 -0.77301045336257046 0 
1 0.0013499238795325113 4.3826834323650886e-06 0 0 0 1 
1 0.0013498314696123025 4.5555702330196012e-06 0 0.47139673682630384 -0.88192126434819129 0 
1 0.0013498314696123025 4.5555702330196012e-06 1.0000000000000001e-05 0.47139673682630384 -0.88192126434819129 0 
1 0.0013499807852804032 4.1950903220161268e-06 0 0 0 1 
1 0.0013499238795325113 4.3826834323650886e-06 0 0.29028467725402579 -0.95694033573234116 0 
1 0.0013499238795325113 4.3826834323650886e-06 1.0000000000000001e-05 0.29028467725402579 -0.95694033573234116 0 
1 0.0013499999999999999 3.999999999999999e-06 0 0 0 1 
1 0.0013499807852804032 4.1950903220161268e-06 0 0.098017140329095365 -0.99518472667224267 0 
1 0.0013499807852804032 4.1950903220161268e-06 1.0000000000000001e-05 0.098017140329095365 -0.99518472667224267 0 
1 0.0013499999999999999 -3.999999999999999e-06 0 0 0 1 
1 0.0013499999999999999 3.999999999999999e-06 0 0 -1 0 
1 0.0013499999999999999 3.999999999999999e-06 1.0000000000000001e-05 0 -1 0 
1 0.0013499807852804032 -4.1950903220161268e-06 0 0 0 1 
1 0.0013499999999999999 -3.999999999999999e-06 0 -0.098017140329095365 -0.99518472667224267 0 
1 0.0013499999999999999 -3.999999999999999e-06 1.0000000000000001e-05 -0.098017140329095365 -0.99518472667224267 0 
1 0.0013499238795325113 -4.3826834323650886e-06 0 0 0 1 
1 0.0013499807852804032 -4.1950903220161268e-06 0 -0.29028467725402579 -0.95694033573234116 0 
1 0.0013499807852804032 -4.1950903220161268e-06 1.0000000000000001e-05 -0.29028467725402579 -0.95694033573234116 0 
1 0.0013498314696123025 -4.5555702330196012e-06 0 0 0 1 
1 0.0013499238795325113 -4.3826834323650886e-06 0 -0.47139673682630384 -0.88192126434819129 0 
1 0.0013499238795325113 -4.3826834323650886e-06 1.0000000000000001e-05 -0.47139673682630384 -0.88192126434819129 0 
1 0.0013497071067811864 -4.7071067811865464e-06 0 0 0 1 
1 0.0013498314696123025 -4.5555702330196012e-06 0 -0.63439328416384833 -0.77301045336257046 0 
1 0.0013498314696123025 -4.5555702330196012e-06 1.0000000000000001e-05 -0.63439328416384833 -0.77301045336257046 0 
1 0.0013495555702330196 -4.8314696123025446e-06 0 0 0 1 
1 0.0013497071067811864 -4.7071067811865464e-06 0 -0.77301045336262442 -0.63439328416378249 0 
1 0.0013497071067811864 -4.7071067811865464e-06 1.0000000000000001e-05 -0.77301045336262442 -0.63439328416378249 0 
1 0.0013493826834323651 -4.9238795325112855e-06 0 0 0 1 
1 0.0013495555702330196 -4.8314696123025446e-06 0 -0.88192126434834217 -0.47139673682602157 0 
1 0.0013495555702330196 -4.8314696123025446e-06 1.0000000000000001e-05 -0.88192126434834217 -0.47139673682602157 0 
1 0.001349195090322016 -4.980785280403229e-06 0 0 0 1 
1 0.0013493826834323651 -4.9238795325112855e-06 0 -0.95694033573224524 -0.29028467725434226 0 
1 0.0013493826834323651 -4.9238795325112855e-06 1.0000000000000001e-05 -0.95694033573224524 -0.29028467725434226 0 
1 0.0013489999999999999 -4.9999999999999987e-06 0 0 0 1 
1 0.001349195090322016 -4.980785280403229e-06 0 -0.99518472667219393 -0.098017140329591329 0 
1 0.001349195090322016 -4.980785280403229e-06 1.0000000000000001e-05 -0.99518472667219393 -0.098017140329591329 0 
1 9.9999999999999995e-07 -4.9999999999999987e-06 0 0 0 1 
1 0.0013489999999999999 -4.9999999999999987e-06 0 -1 0 0 
1 0.0013489999999999999 -4.9999999999999987e-06 1.0000000000000001e-05 -1 0 0 
1 8.049096779838713e-07 -4.980785280403229e-06 0 0 0 1 
1 9.9999999999999995e-07 -4.9999999999999987e-06 0 -0.99518472667219682 0.098017140329561409 0 
1 9.9999999999999995e-07 -4.9999999999999987e-06 1.0000000000000001e-05 -0.99518472667219682 0.098017140329561409 0 
1 6.173165676349097e-07 -4.9238795325112855e-06 0 0 0 1 
1 8.049096779838713e-07 -4.980785280403229e-06 0 -0.95694033573220916 0.29028467725446139 0 
1 8.049096779838713e-07 -4.980785280403229e-06 1.0000000000000001e-05 -0.95694033573220916 0.29028467725446139 0 
1 4.4442976698039777e-07 -4.8314696123025446e-06 0 0 0 1 
1 6.173165676349097e-07 -4.9238795325112855e-06 0 -0.88192126434835594 0.47139673682599603 0 
1 6.173165676349097e-07 -4.9238795325112855e-06 1.0000000000000001e-05 -0.88192126434835594 0.47139673682599603 0 
1 2.9289321881345227e-07 -4.7071067811865464e-06 0 0 0 1 
1 4.4442976698039777e-07 -4.8314696123025446e-06 0 -0.77301045336273622 0.63439328416364638 0 
1 4.4442976698039777e-07 -4.8314696123025446e-06 1.0000000000000001e-05 -0.77301045336273622 0.63439328416364638 0 
1 1.6853038769745451e-07 -4.5555702330196012e-06 0 0 0 1 
1 2.9289321881345227e-07 -4.7071067811865464e-06 0 -0.6343932841636456 0.77301045336273677 0 
1 2.9289321881345227e-07 -4.7071067811865464e-06 1.0000000000000001e-05 -0.6343932841636456 0.77301045336273677 0 
1 7.6120467488713151e-08 -4.3826834323650886e-06 0 0 0 1 
1 1.6853038769745451e-07 -4.5555702330196012e-06 0 -0.47139673682599681 0.88192126434835549 0 
1 1.6853038769745451e-07 -4.5555702330196012e-06 1.0000000000000001e-05 -0.47139673682599681 0.88192126434835549 0 
1 1.9214719596769536e-08 -4.1950903220161276e-06 0 0 0 1 
1 7.6120467488713151e-08 -4.3826834323650886e-06 0 -0.29028467725446278 0.95694033573220882 0 
1 7.6120467488713151e-08 -4.3826834323650886e-06 1.0000000000000001e-05 -0.29028467725446278 0.95694033573220882 0 
1 0 -3.999999999999999e-06 0 0 0 1 
1 1.9214719596769536e-08 -4.1950903220161276e-06 0 -0.098017140329560326 0.99518472667219682 0 
1 1.9214719596769536e-08 -4.1950903220161276e-06 1.0000000000000001e-05 -0.098017140329560326 0.99518472667219682 0 
1 0 -3.999999999999999e-06 0 0 1 0 
1 0 -3.999999999999999e-06 1.0000000000000001e-05 0 1 0 
Polygon3D 0
PolygonOnTriangulations 216
2 1 2 
p 2.04e-09 1 0 1e-05 
2 4 3 
p 2.04e-09 1 0 1e-05 
2 4 3 
p 2.04e-09 1 0 1e-05 
2 1 2 
p 2.04e-09 1 0 1e-05 
2 1 4 
p 7.90180644032257e-11 1 0 1.96034280659122e-07 
2 1 2 
p 7.90180644032257e-11 1 0 1.96034280659122e-07 
2 2 3 
p 7.90180644032257e-11 1 0 1.96034280659122e-07 
2 1 2 
p 7.90180644032257e-11 1 0 1.96034280659122e-07 
2 4 3 
p 2.04e-09 1 0 1e-05 
2 1 2 
p 2.04e-09 1 0 1e-05 
2 1 4 
p 7.75186220697921e-11 1 0 1.96034280659121e-07 
2 2 3 
p 7.75186220697921e-11 1 0 1.96034280659121e-07 
2 2 3 
p 7.75186220697921e-11 1 0 1.96034280659121e-07 
2 2 3 
p 7.75186220697921e-11 1 0 1.96034280659121e-07 
2 4 3 
p 2.04e-09 1 0 1e-05 
2 1 2 
p 2.04e-09 1 0 1e-05 
2 1 4 
p 7.45773601309025e-11 1 0 1.96034280659121e-07 
2 3 4 
p 7.45773601309025e-11 1 0 1.96034280659121e-07 
2 2 3 
p 7.45773601309025e-11 1 0 1.96034280659121e-07 
2 3 4 
p 7.45773601309025e-11 1 0 1.96034280659121e-07 
2 4 3 
p 2.04e-09 1 0 1e-05 
2 1 2 
p 2.04e-09 1 0 1e-05 
2 1 4 
p 7.0307309633389e-11 1 0 1.96034280659121e-07 
2 4 5 
p 7.0307309633389e-11 1 0 1.96034280659121e-07 
2 2 3 
p 7.0307309633389e-11 1 0 1.96034280659121e-07 
2 4 5 
p 7.0307309633389e-11 1 0 1.96034280659121e-07 
2 4 3 
p 2.04e-09 1 0 1e-05 
2 1 2 
p 2.04e-09 1 0 1e-05 
2 1 4 
p 7.03073096333891e-11 1 0 1.96034280659122e-07 
2 5 6 
p 7.03073096333891e-11 1 0 1.96034280659122e-07 
2 2 3 
p 7.03073096333891e-11 1 0 1.96034280659122e-07 
2 5 6 
p 7.03073096333891e-11 1 0 1.96034280659122e-07 
2 4 3 
p 2.04e-09 1 0 1e-05 
2 1 2 
p 2.04e-09 1 0 1e-05 
2 1 4 
p 7.45773601309024e-11 1 0 1.96034280659121e-07 
2 6 7 
p 7.45773601309024e-11 1 0 1.96034280659121e-07 
2 2 3 
p 7.45773601309024e-11 1 0 1.96034280659121e-07 
2 6 7 
p 7.45773601309024e-11 1 0 1.96034280659121e-07 
2 4 3 
p 2.04e-09 1 0 1e-05 
2 1 2 
p 2.04e-09 1 0 1e-05 
2 1 4 
p 7.75186220697923e-11 1 0 1.96034280659121e-07 
2 7 8 
p 7.75186220697923e-11 1 0 1.96034280659121e-07 
2 2 3 
p 7.75186220697923e-11 1 0 1.96034280659121e-07 
2 7 8 
p 7.75186220697923e-11 1 0 1.96034280659121e-07 
2 4 3 
p 2.04e-09 1 0 1e-05 
2 1 2 
p 2.04e-09 1 0 1e-05 
2 1 4 
p 7.90180644032257e-11 1 0 1.96034280659121e-07 
2 8 9 
p 7.90180644032257e-11 1 0 1.96034280659121e-07 
2 2 3 
p 7.90180644032257e-11 1 0 1.96034280659121e-07 
2 8 9 
p 7.90180644032257e-11 1 0 1.96034280659121e-07 
2 4 3 
p 2.04e-09 1 0 1e-05 
2 1 2 
p 2.04e-09 1 0 1e-05 
2 1 4 
p 6.751e-08 1 0 0.001348 
2 9 10 
p 6.751e-08 1 0 0.001348 
2 2 3 
p 6.751e-08 1 0 0.001348 
2 9 10 
p 6.751e-08 1 0 0.001348 
2 4 3 
p 2.04e-09 1 0 1e-05 
2 1 2 
p 2.04e-09 1 0 1e-05 
2 1 4 
p 7.90180644032364e-11 1 0 1.96034280659062e-07 
2 10 11 
p 7.90180644032364e-11 1 0 1.96034280659062e-07 
2 2 3 
p 7.90180644032364e-11 1 0 1.96034280659062e-07 
2 10 11 
p 7.90180644032364e-11 1 0 1.96034280659062e-07 
2 4 3 
p 2.04e-09 1 0 1e-05 
2 1 2 
p 2.04e-09 1 0 1e-05 
2 1 4 
p 7.75186220698318e-11 1 0 1.96034280659202e-07 
2 11 12 
p 7.75186220698318e-11 1 0 1.96034280659202e-07 
2 2 3 
p 7.75186220698318e-11 1 0 1.96034280659202e-07 
2 11 12 
p 7.75186220698318e-11 1 0 1.96034280659202e-07 
2 4 3 
p 2.04e-09 1 0 1e-05 
2 1 2 
p 2.04e-09 1 0 1e-05 
2 1 4 
p 7.45773601309226e-11 1 0 1.9603428065911e-07 
2 12 13 
p 7.45773601309226e-11 1 0 1.9603428065911e-07 
2 2 3 
p 7.45773601309226e-11 1 0 1.9603428065911e-07 
2 12 13 
p 7.45773601309226e-11 1 0 1.9603428065911e-07 
2 4 3 
p 2.04e-09 1 0 1e-05 
2 1 2 
p 2.04e-09 1 0 1e-05 
2 1 4 
p 7.03073096334009e-11 1 0 1.9603428065908e-07 
2 13 14 
p 7.03073096334009e-11 1 0 1.9603428065908e-07 
2 2 3 
p 7.03073096334009e-11 1 0 1.9603428065908e-07 
2 13 14 
p 7.03073096334009e-11 1 0 1.9603428065908e-07 
2 4 3 
p 2.04e-09 1 0 1e-05 
2 1 2 
p 2.04e-09 1 0 1e-05 
2 1 4 
p 7.0307309633389e-11 1 0 1.96034280659163e-07 
2 14 15 
p 7.0307309633389e-11 1 0 1.96034280659163e-07 
2 2 3 
p 7.0307309633389e-11 1 0 1.96034280659163e-07 
2 14 15 
p 7.0307309633389e-11 1 0 1.96034280659163e-07 
2 4 3 
p 2.04e-09 1 0 1e-05 
2 1 2 
p 2.04e-09 1 0 1e-05 
2 1 4 
p 7.45773601309025e-11 1 0 1.96034280659158e-07 
2 15 16 
p 7.45773601309025e-11 1 0 1.96034280659158e-07 
2 2 3 
p 7.45773601309025e-11 1 0 1.96034280659158e-07 
2 15 16 
p 7.45773601309025e-11 1 0 1.96034280659158e-07 
2 4 3 
p 2.04e-09 1 0 1e-05 
2 1 2 
p 2.04e-09 1 0 1e-05 
2 1 4 
p 7.75186220697923e-11 1 0 1.96034280659094e-07 
2 16 17 
p 7.75186220697923e-11 1 0 1.96034280659094e-07 
2 2 3 
p 7.75186220697923e-11 1 0 1.96034280659094e-07 
2 16 17 
p 7.75186220697923e-11 1 0 1.96034280659094e-07 
2 4 3 
p 2.04e-09 1 0 1e-05 
2 1 2 
p 2.04e-09 1 0 1e-05 
2 1 4 
p 7.90180644032255e-11 1 0 1.96034280659112e-07 
2 17 18 
p 7.90180644032255e-11 1 0 1.96034280659112e-07 
2 2 3 
p 7.90180644032255e-11 1 0 1.96034280659112e-07 
2 17 18 
p 7.90180644032255e-11 1 0 1.96034280659112e-07 
2 4 3 
p 2.04e-09 1 0 1e-05 
2 1 2 
p 2.04e-09 1 0 1e-05 
2 1 4 
p 1.64e-09 1 0 8e-06 
2 18 19 
p 1.64e-09 1 0 8e-06 
2 2 3 
p 1.64e-09 1 0 8e-06 
2 18 19 
p 1.64e-09 1 0 8e-06 
2 4 3 
p 2.04e-09 1 0 1e-05 
2 1 2 
p 2.04e-09 1 0 1e-05 
2 1 4 
p 7.90180644032255e-11 1 0 1.96034280659112e-07 
2 19 20 
p 7.90180644032255e-11 1 0 1.96034280659112e-07 
2 2 3 
p 7.90180644032255e-11 1 0 1.96034280659112e-07 
2 19 20 
p 7.90180644032255e-11 1 0 1.96034280659112e-07 
2 4 3 
p 2.04e-09 1 0 1e-05 
2 1 2 
p 2.04e-09 1 0 1e-05 
2 1 4 
p 7.75186220697923e-11 1 0 1.96034280659094e-07 
2 20 21 
p 7.75186220697923e-11 1 0 1.96034280659094e-07 
2 2 3 
p 7.75186220697923e-11 1 0 1.96034280659094e-07 
2 20 21 
p 7.75186220697923e-11 1 0 1.96034280659094e-07 
2 4 3 
p 2.04e-09 1 0 1e-05 
2 1 2 
p 2.04e-09 1 0 1e-05 
2 1 4 
p 7.45773601309025e-11 1 0 1.96034280659158e-07 
2 21 22 
p 7.45773601309025e-11 1 0 1.96034280659158e-07 
2 2 3 
p 7.45773601309025e-11 1 0 1.96034280659158e-07 
2 21 22 
p 7.45773601309025e-11 1 0 1.96034280659158e-07 
2 4 3 
p 2.04e-09 1 0 1e-05 
2 1 2 
p 2.04e-09 1 0 1e-05 
2 1 4 
p 7.0307309633389e-11 1 0 1.96034280659163e-07 
2 22 23 
p 7.0307309633389e-11 1 0 1.96034280659163e-07 
2 2 3 
p 7.0307309633389e-11 1 0 1.96034280659163e-07 
2 22 23 
p 7.0307309633389e-11 1 0 1.96034280659163e-07 
2 4 3 
p 2.04e-09 1 0 1e-05 
2 1 2 
p 2.04e-09 1 0 1e-05 
2 1 4 
p 7.03073096334009e-11 1 0 1.9603428065908e-07 
2 23 24 
p 7.03073096334009e-11 1 0 1.9603428065908e-07 
2 2 3 
p 7.03073096334009e-11 1 0 1.9603428065908e-07 
2 23 24 
p 7.03073096334009e-11 1 0 1.9603428065908e-07 
2 4 3 
p 2.04e-09 1 0 1e-05 
2 1 2 
p 2.04e-09 1 0 1e-05 
2 1 4 
p 7.45773601309226e-11 1 0 1.9603428065911e-07 
2 24 25 
p 7.45773601309226e-11 1 0 1.9603428065911e-07 
2 2 3 
p 7.45773601309226e-11 1 0 1.9603428065911e-07 
2 24 25 
p 7.45773601309226e-11 1 0 1.9603428065911e-07 
2 4 3 
p 2.04e-09 1 0 1e-05 
2 1 2 
p 2.04e-09 1 0 1e-05 
2 1 4 
p 7.75186220698318e-11 1 0 1.96034280659202e-07 
2 25 26 
p 7.75186220698318e-11 1 0 1.96034280659202e-07 
2 2 3 
p 7.75186220698318e-11 1 0 1.96034280659202e-07 
2 25 26 
p 7.75186220698318e-11 1 0 1.96034280659202e-07 
2 4 3 
p 2.04e-09 1 0 1e-05 
2 1 2 
p 2.04e-09 1 0 1e-05 
2 1 4 
p 7.90180644032364e-11 1 0 1.96034280659062e-07 
2 26 27 
p 7.90180644032364e-11 1 0 1.96034280659062e-07 
2 2 3 
p 7.90180644032364e-11 1 0 1.96034280659062e-07 
2 26 27 
p 7.90180644032364e-11 1 0 1.96034280659062e-07 
2 4 3 
p 2.04e-09 1 0 1e-05 
2 1 2 
p 2.04e-09 1 0 1e-05 
2 1 4 
p 6.751e-08 1 0 0.001348 
2 27 28 
p 6.751e-08 1 0 0.001348 
2 2 3 
p 6.751e-08 1 0 0.001348 
2 27 28 
p 6.751e-08 1 0 0.001348 
2 4 3 
p 2.04e-09 1 0 1e-05 
2 1 2 
p 2.04e-09 1 0 1e-05 
2 1 4 
p 7.90180644032258e-11 1 0 1.96034280659122e-07 
2 28 29 
p 7.90180644032258e-11 1 0 1.96034280659122e-07 
2 2 3 
p 7.90180644032258e-11 1 0 1.96034280659122e-07 
2 28 29 
p 7.90180644032258e-11 1 0 1.96034280659122e-07 
2 4 3 
p 2.04e-09 1 0 1e-05 
2 1 2 
p 2.04e-09 1 0 1e-05 
2 1 4 
p 7.75186220697923e-11 1 0 1.96034280659121e-07 
2 29 30 
p 7.75186220697923e-11 1 0 1.96034280659121e-07 
2 2 3 
p 7.75186220697923e-11 1 0 1.96034280659121e-07 
2 29 30 
p 7.75186220697923e-11 1 0 1.96034280659121e-07 
2 4 3 
p 2.04e-09 1 0 1e-05 
2 1 2 
p 2.04e-09 1 0 1e-05 
2 1 4 
p 7.45773601309024e-11 1 0 1.9603428065912e-07 
2 30 31 
p 7.45773601309024e-11 1 0 1.9603428065912e-07 
2 2 3 
p 7.45773601309024e-11 1 0 1.9603428065912e-07 
2 30 31 
p 7.45773601309024e-11 1 0 1.9603428065912e-07 
2 4 3 
p 2.04e-09 1 0 1e-05 
2 1 2 
p 2.04e-09 1 0 1e-05 
2 1 4 
p 7.03073096333891e-11 1 0 1.96034280659122e-07 
2 31 32 
p 7.03073096333891e-11 1 0 1.96034280659122e-07 
2 2 3 
p 7.03073096333891e-11 1 0 1.96034280659122e-07 
2 31 32 
p 7.03073096333891e-11 1 0 1.96034280659122e-07 
2 4 3 
p 2.04e-09 1 0 1e-05 
2 1 2 
p 2.04e-09 1 0 1e-05 
2 1 4 
p 7.0307309633389e-11 1 0 1.96034280659121e-07 
2 32 33 
p 7.0307309633389e-11 1 0 1.96034280659121e-07 
2 2 3 
p 7.0307309633389e-11 1 0 1.96034280659121e-07 
2 32 33 
p 7.0307309633389e-11 1 0 1.96034280659121e-07 
2 4 3 
p 2.04e-09 1 0 1e-05 
2 1 2 
p 2.04e-09 1 0 1e-05 
2 1 4 
p 7.45773601309025e-11 1 0 1.96034280659121e-07 
2 33 34 
p 7.45773601309025e-11 1 0 1.96034280659121e-07 
2 2 3 
p 7.45773601309025e-11 1 0 1.96034280659121e-07 
2 33 34 
p 7.45773601309025e-11 1 0 1.96034280659121e-07 
2 4 3 
p 2.04e-09 1 0 1e-05 
2 1 2 
p 2.04e-09 1 0 1e-05 
2 1 4 
p 7.75186220697921e-11 1 0 1.96034280659121e-07 
2 34 35 
p 7.75186220697921e-11 1 0 1.96034280659121e-07 
2 2 3 
p 7.75186220697921e-11 1 0 1.96034280659121e-07 
2 34 35 
p 7.75186220697921e-11 1 0 1.96034280659121e-07 
2 4 3 
p 2.04e-09 1 0 1e-05 
2 1 2 
p 2.04e-09 1 0 1e-05 
2 1 4 
p 7.90180644032257e-11 1 0 1.96034280659122e-07 
2 35 36 
p 7.90180644032257e-11 1 0 1.96034280659122e-07 
2 2 3 
p 7.90180644032257e-11 1 0 1.96034280659122e-07 
2 35 36 
p 7.90180644032257e-11 1 0 1.96034280659122e-07 
2 1 4 
p 1.64e-09 1 0 8e-06 
2 36 1 
p 1.64e-09 1 0 8e-06 
2 2 3 
p 1.64e-09 1 0 8e-06 
2 36 1 
p 1.64e-09 1 0 8e-06 
Surfaces 38
1 0 3.999999999999999e-06 0 -0.99518472667219693 0.09801714032956034 0 0.09801714032956034 0.99518472667219693 0 0 0 -1 
1 0.00067499999999999971 9.1528852967636903e-23 0 -0 -0 -1 -1 0 0 0 1 -0 
1 0.00067499999999999971 9.1528852967636903e-23 1.0000000000000001e-05 -0 -0 -1 -1 0 0 0 1 -0 
1 1.9214719596769536e-08 4.1950903220161276e-06 0 -0.9569403357322086 0.29028467725446333 0 0.29028467725446333 0.9569403357322086 0 0 0 -1 
1 7.6120467488713257e-08 4.3826834323650886e-06 0 -0.88192126434835549 0.47139673682599681 0 0.47139673682599681 0.88192126434835549 0 0 0 -1 
1 1.6853038769745462e-07 4.5555702330196012e-06 0 -0.77301045336273655 0.63439328416364604 0 0.63439328416364604 0.77301045336273655 0 0 0 -1 
1 2.9289321881345248e-07 4.7071067811865464e-06 0 -0.63439328416364638 0.77301045336273622 0 0.77301045336273622 0.63439328416364638 0 0 0 -1 
1 4.4442976698039798e-07 4.8314696123025446e-06 0 -0.47139673682599537 0.88192126434835627 0 0.88192126434835627 0.47139673682599537 0 0 0 -1 
1 6.1731656763491023e-07 4.9238795325112855e-06 0 -0.29028467725446155 0.95694033573220916 0 0.95694033573220916 0.29028467725446155 0 0 0 -1 
1 8.0490967798387172e-07 4.980785280403229e-06 0 -0.098017140329561617 0.99518472667219682 0 0.99518472667219682 0.098017140329561617 0 0 0 -1 
1 9.9999999999999995e-07 4.9999999999999987e-06 0 0 1 0 1 0 0 0 0 -1 
1 0.0013489999999999999 4.9999999999999987e-06 0 0.098017140329591329 0.99518472667219393 -0 0.99518472667219393 -0.098017140329591329 0 0 -0 -1 
1 0.001349195090322016 4.980785280403229e-06 0 0.29028467725434232 0.95694033573224535 -0 0.95694033573224535 -0.29028467725434232 0 0 -0 -1 
1 0.0013493826834323651 4.9238795325112855e-06 0 0.47139673682602162 0.88192126434834228 -0 0.88192126434834228 -0.47139673682602162 0 0 -0 -1 
1 0.0013495555702330196 4.8314696123025446e-06 0 0.6343932841637826 0.77301045336262453 -0 0.77301045336262453 -0.6343932841637826 0 0 -0 -1 
1 0.0013497071067811864 4.7071067811865464e-06 0 0.77301045336257046 0.63439328416384833 -0 0.63439328416384833 -0.77301045336257046 0 0 -0 -1 
1 0.0013498314696123025 4.5555702330196012e-06 0 0.8819212643481914 0.4713967368263039 -0 0.4713967368263039 -0.8819212643481914 0 0 -0 -1 
1 0.0013499238795325113 4.3826834323650886e-06 0 0.95694033573234127 0.29028467725402585 -0 0.29028467725402585 -0.95694033573234127 0 0 -0 -1 
1 0.0013499807852804032 4.1950903220161268e-06 0 0.99518472667224278 0.098017140329095379 -0 0.098017140329095379 -0.99518472667224278 0 0 -0 -1 
1 0.0013499999999999999 3.999999999999999e-06 0 1 0 -0 0 -1 0 0 -0 -1 
1 0.0013499999999999999 -3.999999999999999e-06 0 0.99518472667224278 -0.098017140329095379 0 -0.098017140329095379 -0.99518472667224278 0 0 -0 -1 
1 0.0013499807852804032 -4.1950903220161268e-06 0 0.95694033573234127 -0.29028467725402585 0 -0.29028467725402585 -0.95694033573234127 0 0 -0 -1 
1 0.0013499238795325113 -4.3826834323650886e-06 0 0.8819212643481914 -0.4713967368263039 0 -0.4713967368263039 -0.8819212643481914 0 0 -0 -1 
1 0.0013498314696123025 -4.5555702330196012e-06 0 0.77301045336257046 -0.63439328416384833 0 -0.63439328416384833 -0.77301045336257046 0 0 -0 -1 
1 0.0013497071067811864 -4.7071067811865464e-06 0 0.6343932841637826 -0.77301045336262453 0 -0.77301045336262453 -0.6343932841637826 0 0 -0 -1 
1 0.0013495555702330196 -4.8314696123025446e-06 0 0.47139673682602162 -0.88192126434834228 0 -0.88192126434834228 -0.47139673682602162 0 0 -0 -1 
1 0.0013493826834323651 -4.9238795325112855e-06 0 0.29028467725434232 -0.95694033573224535 0 -0.95694033573224535 -0.29028467725434232 0 0 -0 -1 
1 0.001349195090322016 -4.980785280403229e-06 0 0.098017140329591329 -0.99518472667219393 0 -0.99518472667219393 -0.098017140329591329 0 0 -0 -1 
1 0.0013489999999999999 -4.9999999999999987e-06 0 0 -1 0 -1 0 0 -0 -0 -1 
1 9.9999999999999995e-07 -4.9999999999999987e-06 0 -0.098017140329561409 -0.99518472667219682 0 -0.99518472667219682 0.098017140329561409 0 -0 0 -1 
1 8.049096779838713e-07 -4.980785280403229e-06 0 -0.29028467725446139 -0.95694033573220916 0 -0.95694033573220916 0.29028467725446139 0 -0 0 -1 
1 6.173165676349097e-07 -4.9238795325112855e-06 0 -0.47139673682599603 -0.88192126434835594 0 -0.88192126434835594 0.47139673682599603 0 -0 0 -1 
1 4.4442976698039777e-07 -4.8314696123025446e-06 0 -0.63439328416364638 -0.77301045336273622 0 -0.77301045336273622 0.63439328416364638 0 -0 0 -1 
1 2.9289321881345227e-07 -4.7071067811865464e-06 0 -0.77301045336273688 -0.63439328416364571 0 -0.63439328416364571 0.77301045336273688 0 -0 0 -1 
1 1.6853038769745451e-07 -4.5555702330196012e-06 0 -0.88192126434835549 -0.47139673682599681 0 -0.47139673682599681 0.88192126434835549 0 -0 0 -1 
1 7.6120467488713151e-08 -4.3826834323650886e-06 0 -0.95694033573220882 -0.29028467725446278 0 -0.29028467725446278 0.95694033573220882 0 -0 0 -1 
1 1.9214719596769536e-08 -4.1950903220161276e-06 0 -0.99518472667219693 -0.09801714032956034 0 -0.09801714032956034 0.99518472667219693 0 -0 0 -1 
1 0 -3.999999999999999e-06 0 -1 0 0 0 1 0 0 0 -1 
Triangulations 38
4 2 1 0 8.47033351150988e-22
0 4e-06 0 0 4e-06 1e-05 1.92147195967695e-08 4.19509032201613e-06 1e-05 1.92147195967695e-08 4.19509032201613e-06 0 0 0 0 -1e-05 1.96034280659122e-07 -1e-05 1.96034280659122e-07 0 4 1 2 4 2 3 
4 2 1 0 0
0 -4e-06 0 0 -4e-06 1e-05 0 4e-06 1e-05 0 4e-06 0 0 0 0 -1e-05 8e-06 -1e-05 8e-06 0 4 1 2 4 2 3 
4 2 1 0 8.470329472543e-22
1.92147195967695e-08 4.19509032201613e-06 0 1.92147195967695e-08 4.19509032201613e-06 1e-05 7.61204674887133e-08 4.38268343236509e-06 1e-05 7.61204674887133e-08 4.38268343236509e-06 0 0 0 0 -1e-05 1.96034280659121e-07 -1e-05 1.96034280659121e-07 0 4 1 2 4 2 3 
36 34 1 0 2.16840434497101e-19
0 4e-06 0 1.92147195967695e-08 4.19509032201613e-06 0 7.61204674887133e-08 4.38268343236509e-06 0 1.68530387697455e-07 4.5555702330196e-06 0 2.92893218813452e-07 4.70710678118655e-06 0 4.44429766980398e-07 4.83146961230254e-06 0 6.1731656763491e-07 4.92387953251129e-06 0 8.04909677983872e-07 4.98078528040323e-06 0 1e-06 5e-06 0 0.001349 5e-06 0 0.00134919509032202 4.98078528040323e-06 0 0.00134938268343237 4.92387953251129e-06 0 0.00134955557023302 4.83146961230254e-06 0 0.00134970710678119 4.70710678118655e-06 0 0.0013498314696123 4.5555702330196e-06 0 0.00134992387953251 4.38268343236509e-06 0 0.0013499807852804 4.19509032201613e-06 0 0.00135 4e-06 0 0.00135 -4e-06 0 0.0013499807852804 -4.19509032201613e-06 0 0.00134992387953251 -4.38268343236509e-06 0 0.0013498314696123 -4.5555702330196e-06 0 0.00134970710678119 -4.70710678118655e-06 0 0.00134955557023302 -4.83146961230254e-06 0 0.00134938268343237 -4.92387953251129e-06 0 0.00134919509032202 -4.98078528040323e-06 0 0.001349 -5e-06 0 1e-06 -5e-06 0 8.04909677983871e-07 -4.98078528040323e-06 0 6.1731656763491e-07 -4.92387953251129e-06 0 4.44429766980398e-07 -4.83146961230254e-06 0 2.92893218813452e-07 -4.70710678118655e-06 0 1.68530387697455e-07 -4.5555702330196e-06 0 7.61204674887132e-08 -4.38268343236509e-06 0 1.92147195967695e-08 -4.19509032201613e-06 0 0 -4e-06 0 0.000675 4e-06 0.000674980785280403 4.19509032201613e-06 0.000674923879532511 4.38268343236509e-06 0.000674831469612302 4.5555702330196e-06 0.000674707106781186 4.70710678118655e-06 0.000674555570233019 4.83146961230255e-06 0.000674382683432365 4.92387953251129e-06 0.000674195090322016 4.98078528040323e-06 0.000674 5e-06 -0.000674 5e-06 -0.000674195090322016 4.98078528040323e-06 -0.000674382683432365 4.92387953251129e-06 -0.00067455557023302 4.83146961230255e-06 -0.000674707106781187 4.70710678118655e-06 -0.000674831469612303 4.5555702330196e-06 -0.000674923879532512 4.38268343236509e-06 -0.000674980785280403 4.19509032201613e-06 -0.000675 4e-06 -0.000675 -4e-06 -0.000674980785280403 -4.19509032201613e-06 -0.000674923879532512 -4.38268343236509e-06 -0.000674831469612303 -4.5555702330196e-06 -0.000674707106781187 -4.70710678118655e-06 -0.00067455557023302 -4.83146961230254e-06 -0.000674382683432365 -4.92387953251129e-06 -0.000674195090322016 -4.98078528040323e-06 -0.000674 -5e-06 0.000674 -5e-06 0.000674195090322016 -4.98078528040323e-06 0.000674382683432365 -4.92387953251129e-06 0.000674555570233019 -4.83146961230254e-06 0.000674707106781186 -4.70710678118655e-06 0.000674831469612302 -4.5555702330196e-06 0.000674923879532511 -4.38268343236509e-06 0.000674980785280403 -4.19509032201613e-06 0.000675 -4e-06 19 20 21 19 21 22 19 22 23 19 23 24 19 24 25 19 25 26 19 26 27 10 11 12 10 12 13 10 13 14 10 14 15 10 15 16 10 16 17 10 17 18 10 18 19 10 19 27 36 28 29 36 29 30 36 30 31 36 31 32 36 32 33 36 33 34 36 34 35 9 27 28 9 36 1 9 10 27 9 28 36 5 1 2 5 2 3 5 3 4 5 6 7 5 7 8 5 8 9 5 9 1 
36 34 1 0 2.16840434497101e-19
0 4e-06 1e-05 1.92147195967695e-08 4.19509032201613e-06 1e-05 7.61204674887133e-08 4.38268343236509e-06 1e-05 1.68530387697455e-07 4.5555702330196e-06 1e-05 2.92893218813452e-07 4.70710678118655e-06 1e-05 4.44429766980398e-07 4.83146961230254e-06 1e-05 6.1731656763491e-07 4.92387953251129e-06 1e-05 8.04909677983872e-07 4.98078528040323e-06 1e-05 1e-06 5e-06 1e-05 0.001349 5e-06 1e-05 0.00134919509032202 4.98078528040323e-06 1e-05 0.00134938268343237 4.92387953251129e-06 1e-05 0.00134955557023302 4.83146961230254e-06 1e-05 0.00134970710678119 4.70710678118655e-06 1e-05 0.0013498314696123 4.5555702330196e-06 1e-05 0.00134992387953251 4.38268343236509e-06 1e-05 0.0013499807852804 4.19509032201613e-06 1e-05 0.00135 4e-06 1e-05 0.00135 -4e-06 1e-05 0.0013499807852804 -4.19509032201613e-06 1e-05 0.00134992387953251 -4.38268343236509e-06 1e-05 0.0013498314696123 -4.5555702330196e-06 1e-05 0.00134970710678119 -4.70710678118655e-06 1e-05 0.00134955557023302 -4.83146961230254e-06 1e-05 0.00134938268343237 -4.92387953251129e-06 1e-05 0.00134919509032202 -4.98078528040323e-06 1e-05 0.001349 -5e-06 1e-05 1e-06 -5e-06 1e-05 8.04909677983871e-07 -4.98078528040323e-06 1e-05 6.1731656763491e-07 -4.92387953251129e-06 1e-05 4.44429766980398e-07 -4.83146961230254e-06 1e-05 2.92893218813452e-07 -4.70710678118655e-06 1e-05 1.68530387697455e-07 -4.5555702330196e-06 1e-05 7.61204674887132e-08 -4.38268343236509e-06 1e-05 1.92147195967695e-08 -4.19509032201613e-06 1e-05 0 -4e-06 1e-05 0.000675 4e-06 0.000674980785280403 4.19509032201613e-06 0.000674923879532511 4.38268343236509e-06 0.000674831469612302 4.5555702330196e-06 0.000674707106781186 4.70710678118655e-06 0.000674555570233019 4.83146961230255e-06 0.000674382683432365 4.92387953251129e-06 0.000674195090322016 4.98078528040323e-06 0.000674 5e-06 -0.000674 5e-06 -0.000674195090322016 4.98078528040323e-06 -0.000674382683432365 4.92387953251129e-06 -0.00067455557023302 4.83146961230255e-06 -0.000674707106781187 4.70710678118655e-06 -0.000674831469612303 4.5555702330196e-06 -0.000674923879532512 4.38268343236509e-06 -0.000674980785280403 4.19509032201613e-06 -0.000675 4e-06 -0.000675 -4e-06 -0.000674980785280403 -4.19509032201613e-06 -0.000674923879532512 -4.38268343236509e-06 -0.000674831469612303 -4.5555702330196e-06 -0.000674707106781187 -4.70710678118655e-06 -0.00067455557023302 -4.83146961230254e-06 -0.000674382683432365 -4.92387953251129e-06 -0.000674195090322016 -4.98078528040323e-06 -0.000674 -5e-06 0.000674 -5e-06 0.000674195090322016 -4.98078528040323e-06 0.000674382683432365 -4.92387953251129e-06 0.000674555570233019 -4.83146961230254e-06 0.000674707106781186 -4.70710678118655e-06 0.000674831469612302 -4.5555702330196e-06 0.000674923879532511 -4.38268343236509e-06 0.000674980785280403 -4.19509032201613e-06 0.000675 -4e-06 19 20 21 19 21 22 19 22 23 19 23 24 19 24 25 19 25 26 19 26 27 10 11 12 10 12 13 10 13 14 10 14 15 10 15 16 10 16 17 10 17 18 10 18 19 10 19 27 36 28 29 36 29 30 36 30 31 36 31 32 36 32 33 36 33 34 36 34 35 9 27 28 9 36 1 9 10 27 9 28 36 5 1 2 5 2 3 5 3 4 5 6 7 5 7 8 5 8 9 5 9 1 
4 2 1 0 8.470329472543e-22
7.61204674887133e-08 4.38268343236509e-06 0 7.61204674887133e-08 4.38268343236509e-06 1e-05 1.68530387697455e-07 4.5555702330196e-06 1e-05 1.68530387697455e-07 4.5555702330196e-06 0 0 0 0 -1e-05 1.96034280659121e-07 -1e-05 1.96034280659121e-07 0 4 1 2 4 2 3 
4 2 1 0 0
1.68530387697455e-07 4.5555702330196e-06 0 1.68530387697455e-07 4.5555702330196e-06 1e-05 2.92893218813452e-07 4.70710678118655e-06 1e-05 2.92893218813452e-07 4.70710678118655e-06 0 0 0 0 -1e-05 1.96034280659121e-07 -1e-05 1.96034280659121e-07 0 4 1 2 4 2 3 
4 2 1 0 5.29395592033938e-23
2.92893218813452e-07 4.70710678118655e-06 0 2.92893218813452e-07 4.70710678118655e-06 1e-05 4.44429766980398e-07 4.83146961230254e-06 1e-05 4.44429766980398e-07 4.83146961230254e-06 0 0 0 0 -1e-05 1.96034280659122e-07 -1e-05 1.96034280659122e-07 0 4 1 2 4 2 3 
4 2 1 0 1.05879118406788e-22
4.44429766980398e-07 4.83146961230254e-06 0 4.44429766980398e-07 4.83146961230254e-06 1e-05 6.1731656763491e-07 4.92387953251129e-06 1e-05 6.1731656763491e-07 4.92387953251129e-06 0 0 0 0 -1e-05 1.96034280659121e-07 -1e-05 1.96034280659121e-07 0 4 1 2 4 2 3 
4 2 1 0 1.05879118406788e-22
6.1731656763491e-07 4.92387953251129e-06 0 6.1731656763491e-07 4.92387953251129e-06 1e-05 8.04909677983872e-07 4.98078528040323e-06 1e-05 8.04909677983872e-07 4.98078528040323e-06 0 0 0 0 -1e-05 1.96034280659121e-07 -1e-05 1.96034280659121e-07 0 4 1 2 4 2 3 
4 2 1 0 1.05879118406788e-22
8.04909677983872e-07 4.98078528040323e-06 0 8.04909677983872e-07 4.98078528040323e-06 1e-05 1e-06 5e-06 1e-05 1e-06 5e-06 0 0 0 0 -1e-05 1.96034280659121e-07 -1e-05 1.96034280659121e-07 0 4 1 2 4 2 3 
4 2 1 0 1.0842021724855e-19
1e-06 5e-06 0 1e-06 5e-06 1e-05 0.001349 5e-06 1e-05 0.001349 5e-06 0 0 0 0 -1e-05 0.001348 -1e-05 0.001348 0 4 1 2 4 2 3 
4 2 1 0 2.16840434497101e-19
0.001349 5e-06 0 0.001349 5e-06 1e-05 0.00134919509032202 4.98078528040323e-06 1e-05 0.00134919509032202 4.98078528040323e-06 0 0 0 0 -1e-05 1.96034280659062e-07 -1e-05 1.96034280659062e-07 0 4 1 2 4 2 3 
4 2 1 0 2.16840434497101e-19
0.00134919509032202 4.98078528040323e-06 0 0.00134919509032202 4.98078528040323e-06 1e-05 0.00134938268343237 4.92387953251129e-06 1e-05 0.00134938268343237 4.92387953251129e-06 0 0 0 0 -1e-05 1.96034280659202e-07 -1e-05 1.96034280659202e-07 0 4 1 2 4 2 3 
4 2 1 0 2.16840434497101e-19
0.00134938268343237 4.92387953251129e-06 0 0.00134938268343237 4.92387953251129e-06 1e-05 0.00134955557023302 4.83146961230254e-06 1e-05 0.00134955557023302 4.83146961230254e-06 0 0 0 0 -1e-05 1.9603428065911e-07 -1e-05 1.9603428065911e-07 0 4 1 2 4 2 3 
4 2 1 0 2.16840434497101e-19
0.00134955557023302 4.83146961230254e-06 0 0.00134955557023302 4.83146961230254e-06 1e-05 0.00134970710678119 4.70710678118655e-06 1e-05 0.00134970710678119 4.70710678118655e-06 0 0 0 0 -1e-05 1.9603428065908e-07 -1e-05 1.9603428065908e-07 0 4 1 2 4 2 3 
